[200,4,527,482]
[201,4,461,414]
[202,8,476,340]
[203,2,457,338]
[204,9,361,307]
[205,2,500,360]
[206,10,457,450]
[207,5,504,441]
[208,2,492,449]
[209,2,516,420]
[210,11,501,348]
[211,9,517,401]
[212,4,504,315]
[213,1,468,410]
[214,5,399,366]
[215,2,518,424]
[216,5,536,469]
[217,6,383,330]
[218,1,403,321]
[219,9,434,316]
[220,2,512,490]
[221,6,442,380]
[222,2,442,338]
[223,5,498,483]
[224,4,433,301]
[225,2,413,374]
[226,2,383,370]
[227,10,440,306]
[228,9,507,439]
[229,9,389,339]
[230,8,419,380]
[231,6,530,402]
[232,2,539,320]
[233,8,393,385]
[234,4,367,304]
[235,1,469,418]
[236,11,447,327]
[237,5,404,384]
[238,4,352,326]
[239,2,366,353]
[240,1,495,491]
[241,4,521,428]
[242,7,487,399]
[243,3,429,372]
[244,10,359,318]
[245,6,408,300]
[246,7,381,346]
[247,10,481,337]
[248,8,383,310]
[249,1,547,422]
[250,4,386,333]
[251,4,455,307]
[252,7,367,308]
[253,7,526,425]
[254,1,490,476]
[255,11,405,357]
[256,7,545,317]
[257,2,505,418]
[258,11,547,545]
[259,3,520,482]
[260,6,434,373]
[261,9,417,382]
[262,6,382,335]
[263,5,490,468]
[264,1,546,327]
[265,4,518,456]
[266,7,482,438]
[267,4,373,302]
[268,3,402,301]
[269,10,375,353]
[270,5,485,352]
[271,7,466,451]
[272,10,496,408]
[273,11,379,319]
[274,4,387,366]
[275,8,365,338]
[276,1,527,307]
[277,4,511,497]
[278,2,412,386]
[279,10,491,349]
[280,10,494,472]
[281,3,513,313]
[282,11,352,350]
[283,6,434,371]
[284,6,482,333]
[285,2,543,458]
[286,10,431,347]
[287,9,473,314]
[288,11,412,338]
[289,11,529,375]
[290,2,396,349]
[291,10,493,406]
[292,1,402,352]
[293,9,441,325]
[294,6,531,446]
[295,6,542,335]
[296,2,357,329]
[297,2,462,385]
[298,10,529,307]
[299,1,469,328]
[300,6,499,379]
[301,5,470,353]
[302,3,419,407]
[303,11,448,441]
[304,1,473,321]
[305,8,549,483]
[306,10,478,361]
[307,2,497,423]
[308,6,463,340]
[309,5,507,437]
[310,9,360,346]
[311,4,512,447]
[312,1,509,389]
[313,8,527,383]
[314,8,494,385]
[315,7,482,368]
[316,1,520,395]
[317,10,433,391]
[318,1,438,381]
[319,7,351,339]
[320,4,456,358]
[321,3,545,424]
[322,6,444,405]
[323,2,483,476]
[324,5,388,352]
[325,11,480,406]
[326,3,400,322]
[327,9,507,349]
[328,10,519,419]
[329,9,531,375]
[330,4,374,311]
[331,8,547,545]
[332,3,520,482]
[333,6,434,373]
[334,9,417,382]
[335,6,382,335]
[336,5,490,468]
[337,1,546,327]
[338,4,518,456]
[339,7,482,438]
[340,4,373,302]
[341,3,402,301]
[342,10,375,353]
[343,5,485,352]
[344,7,466,451]
[345,10,496,408]
[346,11,379,319]
[347,4,387,366]
[348,8,365,338]
[349,1,527,307]
[350,4,511,497]
[351,2,412,386]
[352,10,491,349]
[353,10,494,472]
[354,3,513,313]
[355,11,352,350]
[356,6,434,371]
[357,6,482,333]
[358,2,543,458]
[359,10,431,347]
[360,9,473,314]
[361,11,412,338]
[362,11,529,375]
